EpThisIter,entropy,optimgain,EpisodesSoFar,meankl,ev_tdlam_before,EpRewMean,EpLenMean,surrgain,TimeElapsed,TimestepsSoFar,entloss
1,1.3228465,0.022864878,1,0.0101508405,-0.00893557071685791,-92.16754473497986,999.0,0.022864878,0.6529982089996338,999,0.0
1,1.2264256,0.017662905,2,0.010135099,-0.7263108491897583,-87.05441365915212,999.0,0.017662905,1.1533803939819336,1998,0.0
1,1.1350008,0.015659068,3,0.010280656,-0.1332240104675293,-81.42984334669484,999.0,0.015659068,1.7756071090698242,2997,0.0
1,1.065126,0.015976902,4,0.009586684,-0.03033280372619629,-76.18209502772591,999.0,0.015976902,2.437810182571411,3996,0.0
1,1.0436994,0.010081878,5,0.008753093,0.01480025053024292,-51.02832233939024,980.8,0.010081878,3.0797595977783203,4904,0.0
3,1.1111687,0.026871596,8,0.0074069835,0.14668649435043335,-2.1267805637215744,759.875,0.026871596,3.7463881969451904,6079,0.0
1,1.1336607,0.019134806,9,0.0075973906,0.08264154195785522,4.567916451387203,760.4444444444445,0.019134806,4.406970739364624,6844,0.0
3,1.1660762,0.011351237,12,0.00720614,0.16707360744476318,22.029475964245535,679.3333333333334,0.011351237,5.080264091491699,8152,0.0
3,1.1616149,0.012283036,15,0.0075475555,0.19012147188186646,32.7671710344836,611.5333333333333,0.012283036,5.733954191207886,9173,0.0
4,1.2106615,0.004538049,19,0.007854395,0.26990634202957153,43.09043483053843,533.8947368421053,0.004538049,6.397789001464844,10144,0.0
3,1.2790424,0.010931191,22,0.006746363,0.35396915674209595,48.07576096823332,495.1818181818182,0.010931191,7.055063724517822,10894,0.0
4,1.2920849,0.0076067825,26,0.008054385,0.4504129886627197,52.108158157726095,465.15384615384613,0.0076067825,7.708611488342285,12094,0.0
5,1.266077,0.0070940917,31,0.0060120923,0.5328443646430969,56.33448583187542,425.03225806451616,0.0070940917,8.368736743927002,13176,0.0
5,1.249756,0.022436403,36,0.008794498,0.5205748379230499,59.31900200192825,395.97222222222223,0.022436403,9.019205570220947,14255,0.0
4,1.2364364,0.012960554,40,0.0072957957,0.5482495427131653,60.76665269809447,383.9,0.012960554,9.678681135177612,15356,0.0
4,1.208588,0.01007619,44,0.006712354,0.6155705451965332,76.42607883776314,304.3,0.01007619,10.337891578674316,16168,0.0
6,1.236055,0.015486107,50,0.007117024,0.6666331589221954,77.93975491706729,250.475,0.015486107,11.009371995925903,17279,0.0
6,1.1626942,0.017248653,56,0.009904224,0.5849512815475464,78.3623688467939,225.55,0.017248653,11.677976369857788,18425,0.0
6,1.1258185,0.014048932,62,0.0068856333,0.6992748081684113,78.76106731935961,212.425,0.014048932,12.350143432617188,19391,0.0
5,1.1084896,0.0070799724,67,0.008070873,0.6823176443576813,79.68431663880838,198.85,0.0070799724,13.013128757476807,20324,0.0
6,1.1402419,0.010379847,73,0.0072203204,0.6863848567008972,79.87864869061654,196.675,0.010379847,13.679500579833984,21474,0.0
4,1.1137441,0.009115829,77,0.006845283,0.7566596567630768,80.02646845655106,200.325,0.009115829,14.342082977294922,22498,0.0
5,1.105062,0.010303162,82,0.0064726504,0.7812088578939438,81.08808902754019,190.175,0.010303162,15.012203454971313,23456,0.0
5,1.117396,0.008517403,87,0.0036846725,0.7715869098901749,81.07167163369095,193.175,0.008517403,15.674966812133789,24454,0.0
6,1.0464534,0.012061442,93,0.008934474,0.8167673796415329,81.62570883585468,190.625,0.012061442,16.334943294525146,25473,0.0
6,1.028473,0.01512327,99,0.0067357533,0.8401189148426056,82.293206360097,193.25,0.01512327,17.003224849700928,26613,0.0
6,1.0137717,0.0069427015,105,0.007165099,0.8850574642419815,82.69540932880393,194.35,0.0069427015,17.682183742523193,27637,0.0
5,1.0410752,0.015161375,110,0.008422395,0.81406669318676,83.29648653976275,192.55,0.015161375,18.34601593017578,28576,0.0
5,1.0513822,0.006942815,115,0.0065410305,0.8802332133054733,84.02296215570348,189.175,0.006942815,19.01761794090271,29601,0.0
5,0.98677206,0.008295858,120,0.0071977326,0.8499782383441925,84.56177223464533,185.125,0.008295858,19.684988498687744,30488,0.0
5,1.0310365,0.015723433,125,0.007236803,0.8917461186647415,84.36318979764515,187.15,0.015723433,20.356653213500977,31548,0.0
7,1.0276033,0.015875874,132,0.0071485015,0.9312620609998703,84.21080774534502,184.625,0.015875874,21.014638662338257,32699,0.0
6,1.013437,0.012055819,138,0.007612167,0.8917175978422165,83.82487227469291,182.2,0.012055819,21.663912296295166,33628,0.0
7,0.9707932,0.008390971,145,0.0050254846,0.9381534643471241,83.68457137451632,177.0,0.008390971,22.321989059448242,34717,0.0
6,0.9625412,0.014190032,151,0.0067801,0.9458119124174118,83.62730039475505,176.575,0.014190032,22.995840549468994,35790,0.0
5,0.9481126,0.009982541,156,0.0068576555,0.9111540466547012,83.58825978627233,172.55,0.009982541,23.656350135803223,36650,0.0
6,0.97841656,0.016655454,162,0.0057174573,0.889561764895916,84.10374047900116,170.15,0.016655454,24.313347339630127,37776,0.0
6,1.0100784,0.011182541,168,0.00662975,0.9319907128810883,84.10334047346879,167.875,0.011182541,24.975598335266113,38770,0.0
6,0.9510822,0.008951831,174,0.0098635815,0.8825468048453331,84.05820436651165,167.7,0.008951831,25.637859106063843,39754,0.0
7,0.9514388,0.009454843,181,0.0061741034,0.9397611990571022,83.77717740218927,169.075,0.009454843,26.29467010498047,40937,0.0
6,0.9440441,0.017487925,187,0.009133624,0.9547886252403259,83.43819418295112,168.825,0.017487925,26.947484493255615,41837,0.0
8,0.9078674,0.01215096,195,0.00786145,0.9560407623648643,83.71776322703722,162.95,0.01215096,27.61612319946289,42964,0.0
7,0.84220934,0.01404045,202,0.009798864,0.9398406594991684,83.77392814081261,153.675,0.01404045,28.27050518989563,43923,0.0
8,0.8315889,0.014579895,210,0.0095093995,0.8741431087255478,84.67946539752343,145.625,0.014579895,28.927467107772827,44989,0.0
7,0.8257469,0.014510019,217,0.007161689,0.9584608264267445,84.86570767174506,143.1,0.014510019,29.57867741584778,45981,0.0
7,0.8084774,0.015126836,224,0.00792447,0.9721699543297291,85.28554857582671,141.85,0.015126836,30.216435432434082,47062,0.0
7,0.7794094,0.015098836,231,0.009510001,0.9569835923612118,85.10416455991678,140.85,0.015098836,30.85834574699402,48098,0.0
8,0.78768694,0.0126917325,239,0.005197596,0.8711341470479965,85.18285020254855,139.575,0.0126917325,31.525246143341064,49141,0.0
7,0.74176735,0.013827482,246,0.009120491,0.8462879061698914,84.8780196428214,139.675,0.013827482,32.17587089538574,50067,0.0
8,0.71359754,0.009774046,254,0.007256501,0.9694819170981646,84.5273854316353,139.275,0.009774046,32.83770823478699,51109,0.0
9,0.7623039,0.011470653,263,0.006317164,0.9641795419156551,85.13551274603097,132.35,0.011470653,33.49771499633789,52152,0.0
9,0.74088305,0.00707573,272,0.0052061146,0.923766702413559,85.75615703729999,123.3,0.00707573,34.15849733352661,53189,0.0
8,0.7061692,0.018877394,280,0.00881188,0.9342281818389893,85.14655864294697,122.625,0.018877394,34.805264472961426,54210,0.0
8,0.66453004,0.011613454,288,0.00729448,0.9574520960450172,85.13618509177812,122.225,0.011613454,35.45891237258911,55249,0.0
10,0.6835197,0.015123488,298,0.008687112,0.8970716968178749,85.2087234607774,117.125,0.015123488,36.116098165512085,56248,0.0
10,0.66504896,0.018096281,308,0.008492099,0.9352989718317986,85.07813050243897,114.5,0.018096281,36.76647400856018,57319,0.0
11,0.63685906,0.013447906,319,0.00827199,0.9545659981667995,86.018479220724,105.675,0.013447906,37.43007946014404,58301,0.0
11,0.6052123,0.012915388,330,0.009263037,0.8422903567552567,86.71456818354466,99.075,0.012915388,38.10371518135071,59368,0.0
11,0.58755994,0.009314204,341,0.006657523,0.952186357229948,86.78638721367663,95.775,0.009314204,38.75495886802673,60382,0.0
11,0.6076384,0.01661452,352,0.007309231,0.9198529422283173,87.39484280946085,91.35,0.01661452,39.407718896865845,61412,0.0
13,0.59516066,0.0146600325,365,0.0053119594,0.9277371689677238,87.52112764873786,89.975,0.0146600325,40.05821967124939,62459,0.0
13,0.6024554,0.011092095,378,0.008232174,0.9830766897648573,87.944867902552,84.775,0.011092095,40.71920561790466,63468,0.0
13,0.5738705,0.013663744,391,0.008864168,0.9886979945003986,88.80118391899249,78.625,0.013663744,41.378326654434204,64480,0.0
13,0.5531115,0.01326512,404,0.008630607,0.9913570415228605,89.02420646750247,78.05,0.01326512,42.039411544799805,65507,0.0
13,0.5403299,0.022162378,417,0.009615038,0.9905536035075784,89.35060849303355,78.175,0.022162378,42.701772689819336,66519,0.0
13,0.47659323,0.018530415,430,0.010719484,0.9936295496299863,89.43490303364999,78.225,0.018530415,43.37726545333862,67521,0.0
14,0.4288065,0.020407494,444,0.010555392,0.9952909862622619,89.69068567390198,76.975,0.020407494,44.03300452232361,68586,0.0
13,0.3900721,0.01293101,457,0.009225262,0.995987496804446,89.90662453979058,76.1,0.01293101,44.68684124946594,69563,0.0
14,0.34882084,0.015775058,471,0.008239534,0.9964736115653068,90.42448976030701,75.025,0.015775058,45.36309552192688,70596,0.0
14,0.28915417,0.018650578,485,0.009548226,0.9966967301443219,90.9269314345665,74.275,0.018650578,46.02297019958496,71635,0.0
14,0.2351607,0.025818516,499,0.009905111,0.9967831729445606,91.11093236031805,74.175,0.025818516,46.67755937576294,72676,0.0
14,0.20993805,0.02287285,513,0.010650959,0.996889848029241,91.28272893920492,74.125,0.02287285,47.3398540019989,73707,0.0
14,0.1715507,0.024759121,527,0.010025058,0.9969915035180748,91.25786461156629,73.85,0.024759121,47.99634671211243,74740,0.0
14,0.15648459,0.017065162,541,0.009775001,0.9976965421810746,91.62478944777928,73.375,0.017065162,48.65799379348755,75754,0.0
14,0.1344834,0.023021664,555,0.008703947,0.9969767932780087,91.83181185574294,73.325,0.023021664,49.32382845878601,76787,0.0
14,0.07669163,0.01880382,569,0.010013555,0.997541235992685,91.86889861740526,73.175,0.01880382,49.96806192398071,77812,0.0
14,0.07224263,0.016669743,583,0.011456104,0.998092458001338,91.82964332116512,72.95,0.016669743,50.630653858184814,78822,0.0
14,0.035715632,0.019661488,597,0.010125252,0.9984534843824804,91.97355379976982,72.5,0.019661488,51.3039071559906,79828,0.0
14,0.0142195225,0.029242164,611,0.00885166,0.9975875774398446,92.29695196078815,72.125,0.029242164,51.9497709274292,80841,0.0
14,-0.038750697,0.017074475,625,0.010220759,0.9982560568023473,92.49503762073599,72.525,0.017074475,52.614025831222534,81868,-0.0
14,-0.086652756,0.018660184,639,0.010366889,0.9985974852461368,92.5930991505259,72.85,0.018660184,53.271883964538574,82884,-0.0
15,-0.12672211,0.020520955,654,0.010143559,0.9985469923121855,92.53784089930232,72.7,0.020520955,53.95048260688782,83964,-0.0
14,-0.12498194,0.016227942,668,0.007271981,0.9987965463660657,92.52472676392152,72.175,0.016227942,54.606573820114136,84967,-0.0
14,-0.14302845,0.019606141,682,0.009153012,0.9987855225335807,92.57639356731437,71.6,0.019606141,55.270480155944824,85969,-0.0
15,-0.13742718,0.021170143,697,0.008322043,0.998950550914742,92.71471619569006,71.1,0.021170143,55.925737142562866,87031,-0.0
14,-0.17945722,0.018458914,711,0.0097212205,0.9990496974205598,92.67463217094623,71.05,0.018458914,56.593748807907104,88020,-0.0
14,-0.22174984,0.010610794,725,0.009581071,0.9989725769264624,92.57845059843987,71.0,0.010610794,57.254589319229126,89021,-0.0
15,-0.2638508,0.01845666,740,0.010006806,0.9990774784237146,92.46464942263572,71.1,0.01845666,57.92789673805237,90091,-0.0
14,-0.31941465,0.013464646,754,0.01216059,0.9991689964663237,92.60040189468,71.05,0.013464646,58.585613489151,91076,-0.0
15,-0.37480164,0.014828639,769,0.00985219,0.9991949534742162,92.82847223639544,70.6,0.014828639,59.25712490081787,92131,-0.0
14,-0.3935356,0.012662727,783,0.0068709566,0.9992233050870709,92.97902210329661,70.6,0.012662727,59.91520547866821,93128,-0.0
15,-0.4350852,0.019924212,798,0.011538249,0.9992467096890323,93.037459424287,70.7,0.019924212,60.57566237449646,94184,-0.0
14,-0.46684667,0.020270785,812,0.009101324,0.9993116541882046,93.18232077435056,70.5,0.020270785,61.23381280899048,95170,-0.0
15,-0.5100069,0.0171886,827,0.010965122,0.9993156916461885,93.23591937955204,70.2,0.0171886,61.90657997131348,96222,-0.0
15,-0.5525429,0.019770112,842,0.008825658,0.9994229899020866,93.19418309129665,70.125,0.019770112,62.5593683719635,97270,-0.0
14,-0.61078626,0.019363819,856,0.010694812,0.9993729696725495,93.23348940954233,69.9,0.019363819,63.219945192337036,98245,-0.0
15,-0.642273,0.019179765,871,0.007841589,0.9994697746005841,93.26650968038363,69.75,0.019179765,63.88406991958618,99290,-0.0
15,-0.6903006,0.017110243,886,0.010895561,0.9994522892520763,93.37320210713351,69.725,0.017110243,64.54458475112915,100336,-0.0
