EpisodesSoFar,entloss,entropy,EpRewMean,EpLenMean,optimgain,meankl,TimeElapsed,surrgain,ev_tdlam_before,EpThisIter,TimestepsSoFar
1,0.0,1.4189401,-103.82016232332445,999.0,0.008296524,0.00861397,0.6881470680236816,0.008296524,-0.0008820295333862305,1,999
2,0.0,1.4189401,-102.34208555060488,999.0,0.010435436,0.008995513,1.2306320667266846,0.010435436,-0.3251911401748657,1,1998
3,0.0,1.4189401,-104.29266298628102,999.0,0.006435843,0.0068141893,1.9176695346832275,0.006435843,0.46006155014038086,1,2997
4,0.0,1.4189401,-72.12305336519255,914.25,0.013219976,0.007797458,2.596524715423584,0.013219976,0.03317272663116455,1,3657
7,0.0,1.4189401,-19.448664042592746,714.8571428571429,0.013491411,0.008549435,3.2937214374542236,0.013491411,0.1830785870552063,3,5004
10,0.0,1.4189401,7.228931640411,588.5,0.007867249,0.0049397196,3.986380100250244,0.007867249,0.31060922145843506,3,5885
14,0.0,1.4189401,24.172236441675096,508.85714285714283,0.017484412,0.0074895318,4.668511390686035,0.017484412,0.447745144367218,4,7124
16,0.0,1.4189401,28.617455408156687,489.75,0.01019888,0.0065471753,5.3614606857299805,0.01019888,0.4236389398574829,2,7836
20,0.0,1.4189401,34.90559858879853,451.65,0.013301833,0.008370912,6.035395383834839,0.013301833,0.667129248380661,4,9033
25,0.0,1.4189401,41.74740021843971,407.0,0.019893713,0.010704169,6.725606918334961,0.019893713,0.7604154944419861,5,10175
29,0.0,1.4189401,45.25511154522483,384.2758620689655,0.01671167,0.008510607,7.43107271194458,0.01671167,0.8220426142215729,4,11144
34,0.0,1.4189401,47.73621929233724,361.4117647058824,0.013486455,0.008576005,8.125305891036987,0.013486455,0.8513686060905457,5,12288
40,0.0,1.4189401,51.296375210996324,331.575,0.018764526,0.006801826,8.793610572814941,0.018764526,0.8682164549827576,6,13263
46,0.0,1.4189401,66.10249116343583,244.1,0.012486339,0.0070933634,9.49193000793457,0.012486339,0.9363718032836914,6,14239
51,0.0,1.4189401,66.77038075464255,228.325,0.0096786255,0.006982039,10.177697658538818,0.0096786255,0.9466402642428875,5,15346
56,0.0,1.4189401,67.54736285154347,209.6,0.0072212014,0.0052871425,10.841909885406494,0.0072212014,0.9032707586884499,5,16220
62,0.0,1.4189401,68.3957471698254,195.675,0.019358046,0.008572452,11.519294500350952,0.019358046,0.8363891690969467,6,17324
67,0.0,1.4189401,68.05034750079673,187.925,0.0067651616,0.0051996945,12.210984945297241,0.0067651616,0.9460622370243073,5,18299
73,0.0,1.4189401,68.17789947825032,180.0,0.01325735,0.009133297,12.917217016220093,0.01325735,0.9606379792094231,6,19310
80,0.0,1.4189401,67.88671370099571,180.375,0.008276295,0.005882713,13.609179496765137,0.008276295,0.9350574016571045,7,20478
86,0.0,1.4189401,68.36326657364434,178.175,0.017751288,0.0075957035,14.31256365776062,0.017751288,0.9345595687627792,6,21366
93,0.0,1.4189401,68.5275101881399,170.475,0.008557838,0.008066835,14.994688749313354,0.008557838,0.9784766230732203,7,22494
99,0.0,1.4189401,68.99868724702277,164.225,0.011148836,0.0067646895,15.685343265533447,0.011148836,0.9736063592135906,6,23433
106,0.0,1.4189401,69.56889688953889,160.725,0.010565494,0.009052638,16.382625579833984,0.010565494,0.9432276077568531,7,24496
113,0.0,1.4189401,70.99133949882952,153.85,0.015184196,0.006025181,17.048243045806885,0.015184196,0.9713258258998394,7,25464
122,0.0,1.4189401,71.9122800623159,145.1,0.008915968,0.005479292,17.7184157371521,0.008915968,0.9770066980272532,9,26609
129,0.0,1.4189401,72.45439814788642,142.4,0.0097642215,0.007952134,18.41085934638977,0.0097642215,0.9268685206770897,7,27574
137,0.0,1.4189401,72.97535402301438,138.65,0.015741527,0.0067187343,19.08678913116455,0.015741527,0.9777925610542297,8,28645
144,0.0,1.4189401,73.12928450152693,136.9,0.011698891,0.008166783,19.783676862716675,0.011698891,0.9280919432640076,7,29669
153,0.0,1.4189401,73.31260078296876,131.275,0.00864411,0.005586977,20.471715688705444,0.00864411,0.9296979308128357,9,30715
161,0.0,1.4189401,73.82832399742892,130.025,0.015254291,0.0070855487,21.14850640296936,0.015254291,0.9447752237319946,8,31694
170,0.0,1.4189401,74.0773430374939,124.85,0.011181071,0.0077530667,21.848302841186523,0.011181071,0.9351920783519745,9,32689
179,0.0,1.4189401,73.95136882453134,121.375,0.019512605,0.00852941,22.525959968566895,0.019512605,0.9069340229034424,9,33701
189,0.0,1.4189401,74.28732931644807,111.975,0.016453683,0.0075723836,23.216654777526855,0.016453683,0.973638353869319,10,34778
201,0.0,1.4189401,74.57599104790526,103.25,0.011063906,0.007958623,23.891488313674927,0.011063906,0.9645396880805492,12,35824
211,0.0,1.4189401,74.18393564075788,99.45,0.022702096,0.0071169166,24.58244514465332,0.022702096,0.9825189504772425,10,36818
222,0.0,1.4189401,74.40588440796421,95.15,0.009676447,0.007748815,25.28819465637207,0.009676447,0.9567038230597973,11,37815
234,0.0,1.4189401,75.7125330095108,90.525,0.012796069,0.006567519,25.980085611343384,0.012796069,0.986348319798708,12,38867
245,0.0,1.4189401,75.23173372212662,92.4,0.011468269,0.0076668,26.685962915420532,0.011468269,0.9766284413635731,11,39904
258,0.0,1.4189401,76.57441419402203,86.675,0.017936155,0.008091234,27.376412630081177,0.017936155,0.9852678347378969,13,40941
270,0.0,1.4189401,76.03706134601063,85.625,0.010883493,0.008353884,28.075897693634033,0.010883493,0.9908235315233469,12,41970
280,0.0,1.4189401,75.67460910197003,88.5,0.010000154,0.0046380376,28.77760887145996,0.010000154,0.8652215749025345,10,42967
291,0.0,1.4189401,74.49191369382952,89.575,0.010927801,0.0050552282,29.472885370254517,0.010927801,0.9393628276884556,11,43979
303,0.0,1.4189401,74.0653742432525,91.15,0.011055289,0.0062411744,30.176403284072876,0.011055289,0.984704589471221,12,45024
315,0.0,1.4189401,73.3940665004228,91.65,0.014065659,0.00697004,30.872259378433228,0.014065659,0.9418288208544254,12,46068
328,0.0,1.4189401,73.43199047012091,87.45,0.012269978,0.0065696426,31.556483507156372,0.012269978,0.9518894627690315,13,47084
341,0.0,1.4189401,73.22749894895385,83.5,0.016543064,0.008845424,32.25791835784912,0.016543064,0.9849580023437738,13,48126
354,0.0,1.4189401,73.52257836103554,78.55,0.010264038,0.008249842,32.963338136672974,0.010264038,0.9893069248646498,13,49130
366,0.0,1.4189401,73.31564240793048,80.875,0.0129441805,0.0053617703,33.64016914367676,0.0129441805,0.9658592604100704,12,50168
378,0.0,1.4189401,73.95681540105251,83.325,0.013070091,0.007522353,34.33314299583435,0.013070091,0.9252754002809525,12,51186
391,0.0,1.4189401,74.25776627690858,82.25,0.011544781,0.008373449,35.03036427497864,0.011544781,0.9762364253401756,13,52188
404,0.0,1.4189401,75.30461508551755,79.925,0.008426004,0.010922795,35.738876819610596,0.008426004,0.9927245494909585,13,53200
417,0.0,1.4189401,75.60964846124293,78.125,0.013277654,0.008466399,36.427011013031006,0.013277654,0.9891348090022802,13,54233
430,0.0,1.4189401,75.95377910137017,78.725,0.009681338,0.0076667424,37.127095222473145,0.009681338,0.9908924736082554,13,55263
440,0.0,1.4189401,75.58949888848068,82.275,0.022270363,0.008126643,37.827712297439575,0.022270363,0.678605705499649,10,56169
452,0.0,1.4189401,75.43185877231616,85.525,0.009188376,0.0048478916,38.506736040115356,0.009188376,0.9232807531952858,12,57272
466,0.0,1.4189401,75.18356862917787,85.45,0.014891784,0.009093967,39.186875343322754,0.014891784,0.9878148837015033,14,58364
479,0.0,1.4189401,75.8786647241348,81.725,0.011556553,0.008730898,39.878347635269165,0.011556553,0.9904558015987277,13,59362
492,0.0,1.4189401,76.29916709719538,77.325,0.0116383135,0.008943763,40.564353466033936,0.0116383135,0.9924214244820178,13,60365
506,0.0,1.4189401,76.19875735869098,76.45,0.015703935,0.008146094,41.25648045539856,0.015703935,0.9938645861111581,14,61422
519,0.0,1.4189401,76.53797880928342,76.975,0.008689986,0.0075415582,41.979422092437744,0.008689986,0.9945367849431932,13,62441
531,0.0,1.4189401,75.5425639629627,78.975,0.007841028,0.0066615324,42.6776807308197,0.007841028,0.9438192062079906,12,63447
543,0.0,1.4189401,75.26328198121537,81.925,0.013804149,0.007242642,43.36574697494507,0.013804149,0.9511327855288982,12,64473
556,0.0,1.4189401,75.76302421434366,83.025,0.010586876,0.006939682,44.0759437084198,0.010586876,0.9604660794138908,13,65535
569,0.0,1.4189401,76.30689130202491,81.4,0.0012732716,0.014870661,44.758824825286865,0.0012732716,0.958577923476696,13,66551
582,0.0,1.4189401,76.701500513936,78.9,0.010352731,0.0081586335,45.45472979545593,0.010352731,0.9894197368994355,13,67546
594,0.0,1.4189401,75.40753961168909,79.7,0.013453124,0.005674188,46.17101430892944,0.013453124,0.9023044928908348,12,68567
607,0.0,1.4189401,75.02924420007295,79.4,0.008390549,0.010716908,46.86164832115173,0.008390549,0.9824304133653641,13,69572
618,0.0,1.4189401,73.6571408943923,83.55,0.013964653,0.0070906053,47.54372215270996,0.013964653,0.8607787936925888,11,70588
629,0.0,1.4189401,73.1368307525327,85.65,0.011512366,0.007132725,48.219491720199585,0.011512366,0.9110407754778862,11,71611
641,0.0,1.4189401,72.56277184863708,88.5,0.02402705,0.010060186,48.89749836921692,0.02402705,0.8476736843585968,12,72648
654,0.0,1.4189401,72.7409947034503,89.95,0.009647315,0.0069837896,49.58720326423645,0.009647315,0.9529113583266735,13,73706
666,0.0,1.4189401,73.55973135399235,82.975,0.009055843,0.00616723,50.27085614204407,0.009055843,0.9250669479370117,12,74701
680,0.0,1.4189401,74.19596026716171,79.475,0.012824193,0.005917852,50.97011041641235,0.012824193,0.9699260499328375,14,75751
693,0.0,1.4189401,74.34264556401988,77.475,0.014678886,0.007229842,51.66028356552124,0.014678886,0.9845463428646326,13,76733
707,0.0,1.4189401,74.80528042464141,75.05,0.015891142,0.0090737585,52.31618404388428,0.015891142,0.9919038163498044,14,77779
721,0.0,1.4189401,75.01884746273055,75.425,0.009088223,0.008978519,53.0061674118042,0.009088223,0.9945386829786003,14,78846
732,0.0,1.4189401,74.73357556050007,78.175,0.018280525,0.0075801825,53.70108151435852,0.018280525,0.9663189314305782,11,79785
746,0.0,1.4189401,75.4474615765336,79.525,0.0132463565,0.007089842,54.3628306388855,0.0132463565,0.9892496429383755,14,80885
759,0.0,1.4189401,74.96793263427591,79.575,0.017093372,0.010041815,55.05994772911072,0.017093372,0.9912208123132586,13,81870
772,0.0,1.4189401,75.49995605184218,76.95,0.014550398,0.0069755856,55.749306440353394,0.014550398,0.9869916439056396,13,82863
785,0.0,1.4189401,74.99875177040244,78.675,0.025346452,0.007602295,56.45509076118469,0.025346452,0.9940611505880952,13,83955
798,0.0,1.4189401,74.6458705488658,79.05,0.01062683,0.0090368,57.121413230895996,0.01062683,0.9904707260429859,13,84960
811,0.0,1.4189401,74.63268727689174,78.95,0.014984008,0.008107118,57.82426571846008,0.014984008,0.9940616623498499,13,85946
825,0.0,1.4189401,74.70646974458516,77.025,0.01108606,0.0057095997,58.51154136657715,0.01108606,0.9899755418300629,14,87036
838,0.0,1.4189401,75.08126081419826,76.875,0.011325885,0.007866589,59.19240045547485,0.011325885,0.98957877792418,13,88035
851,0.0,1.4189401,74.9928849325764,77.075,0.01620894,0.006628503,59.87388324737549,0.01620894,0.9947499055415392,13,89029
865,0.0,1.4189401,74.53409211036842,76.8,0.014686779,0.010717351,60.55223560333252,0.014686779,0.9912394676357508,14,90108
878,0.0,1.4189401,75.11578779168434,76.0,0.019240659,0.008627417,61.23525047302246,0.019240659,0.9962375252507627,13,91075
892,0.0,1.4189401,75.78915577259639,75.675,0.014369184,0.0060203644,61.925727128982544,0.014369184,0.9956082031130791,14,92135
905,0.0,1.4189401,76.46552069044924,75.625,0.013265838,0.008728363,62.613598108291626,0.013265838,0.9955735118128359,13,93133
919,0.0,1.4189401,77.14700593234811,76.125,0.013817019,0.009881297,63.30475115776062,0.013817019,0.9947358905337751,14,94203
932,0.0,1.4189401,76.62094728899561,77.225,0.013723616,0.009610488,64.00610756874084,0.013723616,0.9921584716066718,13,95224
945,0.0,1.4189401,76.17888430640251,77.4,0.012657155,0.008516753,64.70688343048096,0.012657155,0.9909133398905396,13,96229
957,0.0,1.4189401,74.20760145711662,79.0,0.011950408,0.008166989,65.3910186290741,0.011950408,0.9891705755144358,12,97214
970,0.0,1.4189401,73.65669197027901,80.05,0.02724921,0.008264663,66.07024550437927,0.02724921,0.9828703366219997,13,98269
983,0.0,1.4189401,74.19698043081982,79.8,0.0055323457,0.0064792153,66.76194906234741,0.0055323457,0.9821814224123955,13,99268
996,0.0,1.4189401,74.61008343429675,78.675,0.008079566,0.0073025227,67.45343852043152,0.008079566,0.9901203531771898,13,100285
